1000001100000100
1010101111111110
1101000110001011
0011111001001011
1101101111101000
0111010110011100
1000010100001000
1101111000100001
0110001001011000
1011001100111110
1101100010111101
1000110110101111
0001011100110000
0101011001111100
1111101111010011
1111111001010011
0011001001100001
1001011101101101
1001111110010001
0010001101011111
0101011001101000
1101101011010111
1001100100001011
1101111101001001
0101000101011111
0101010111001101
0000110101110001
1010111011101011
1100110000110100
1010010010001110
0111001000110011
1010101100011101
0011111000101101
0011000110110101
1001110001111001
1110010000101100
0100011001000101
0111011001101000
1101010011011010
0011101100110111
1001101010110110
0101110011010000
1000000011010110
0110001110011011
0110000000010100
1111100110110101
0000110010100010
0110111110111001
1111010011110010
0111101000001011
1000111100101000
1010010101100111
0100001000101011
0100000100000000
1001110010010000
1110001100110111
0110010111010110
1100101010110010
1010110011011000
1011010111101111
1001011111110000
0001110011011101
0010110001110001
1100110101111100
1001111010000001
0100111110000100
1001110111001011
1010110101001101
1100001001110101
1011001001001110
0011000001100100
0010000100011110
0100111011111011
0101111101010000
1000011011110001
0101101111110111
1101110110101001
1011100110110111
1101010010010110
1100100000011100
1101111101100111
0000011010000010
0110000100110010
0100100100110010
1000000110010110
1010000011100000
0000011101010111
1110110011001111
0011100000001001
1110110111100101
0111001110110011
0010000010001110
1000010111011001
1001000100010000
1100010010110111
1110101100111011
1001001101100001
1111000011010110
1011000010110111
1110011110001001
1111011000100000
1110100110100101
0111101001011111
0000011011011010
1110011110111000
0000100010110000
0111100110111001
0110110001000100
0001111001011010
1011111010111110
1100011001101111
1100010110011001
1100001011010001
0101101011100010
1100101101001111
1101011000110101
0101011101011101
1011010100111011
0100100110011011
1001110010010011
1010000111100011
0111010001011000
0111101111000110
0000100001000011
1001001000000100
0100100001001011
0011010100101111
1011000100101110
0110011101011011
1000100110111001
0000110110000110
1110101000001101
0010011111110011
1110001000110110
0111101011011100
0010101011010110
0110011100011110
1110101111111011
1110001110111001
1011001111001100
0011111100111001
1111011011101111
1101110110011010
1010111000101000
1111001000110111
0001101010001000
0000110001010110
1110001010110100
1011001001011100
1011011000100100
0010000110000011
0010000100101000
1100101000000001
0100011000110110
1010001001001101
1000010011000000
0111000100010111
1101011011101101
1001111100011100
1111010000100101
1101111001010110
1111000001010101
0101110011110110
0100111000010111
1111100011111111
0100001001000100
1011000110100011
0110011010111101
0000010000100100
1101111010010001
0000101011011111
1100011000111100
1011001111010100
0010110110000110
1110101001010110
1100010000010000
0010101111110001
0000010001001111
1111011001100001
1000010100000000
1111010100100100
0100010110000111
1010101001001101
1011001000001000
0110000110101010
1110100101011100
1010000011111001
0100001011001010
1110100110100011
0000110001110010
0001001100010001
1101110100010001
1011110001011101
1010101100010001
0000001000011001
1111011111111001
0010011101001110
0111111110100000
1110100101010011
1000100100111001
0000111001101100
0000110010101100
0000000011011010
0001110101111101
0010110101011000
0000000101100011
0011111000110001
0010011000110111
0001011010011001
1011001010110001
1000111110000110
1100011100100011
1111010000100100
0110101001000110
0011011111000010
1010100001110101
1001111011000101
1101010100000101
0110010000100000
0111111001001101
0010000001000001
1011101111100110
1111101010110101
1000100010111100
0000010111010011
1000101010111001
0111110000001111
1111110101100010
0100101100000111
1101010010000011
0001001110001000
0111010111101010
0111101101111111
1101010001111111
1110011011100011
0110110100100000
0101111011000100
1010000000111000
1111101100111000
0100100101011111
0000101100010010
1110011011100011
0111101011011000
0000001001101001
0100000101101001
0101101111011001
0010010011010101
0100000110111101
0000010000110010
1010101010100100
0010011011100011
0001100100000111
0011001010010000
1001011001111000
1110000001100011
1011101101001100
1011011111101000
0000001001010110
0111010100100101
1110100000110000
1101010110110001
1000101110011010
0100001000010011
0000110100011000
1011101101110001
0010100000000010
1001110010010111
1011011101010001
0011101010011011
1010010000101000
0110011000010100
1100100011000001
0001111101111101
0110000110110101
1011101101010010
0011011111101100
1001100000001010
1101000110001000
0111010111100001
0100001111111110
0000001111000000
0011010010100010
1011000110010110
0001110110011111
1101111111001111
1011000000011000
0011011010011001
1011000111100100
0000001000101110
0100100010001101
0101110001100001
1111101110110000
1110000010101100
0011111000100000
1011110010000111
0100101110110000
0010101110110100
0110111110000111
0010101011101100
0010000101010110
1001011100101110
0110101110011110
0111010010010100
1010001110010100
0111110010011010
1001011000010010
1010101100110011
1101100101010010
1011011000111010
1011010000011001
1111101100010110
0111001001010111
1110110101111101
1110001111011010
0000011100101011
1001111010101110
1110001001001000
0000101010010111
0101011000011110
1101101001001101
1111101001101011
1001111001011000
1010111101010110
0100001010111001
1011000000000001
0011000010011001
1011110110101000
0111011001000100
1000110000111011
1001010010110011
1000110001111010
1011110111010000
1110000000001011
0010000001011101
1101110100000110
1110111011001101
1110111110000000
1111110000000111
0100001000101101
1011001011010010
0010010001001100
0001001000000000
1101101001100111
1100010000001010
1000011100010000
0100010010101110
0011100000011110
0100001100100100
0010010001101111
0010110000010101
0010010011010011
1001111011110111
1001111110011000
1100011101101011
0111111101110101
0000010110011001
1000001111101010
1001011011001101
1000110010011000
0101010101000010
0110010111101100
1000100010001001
0000100001011111
1001111011001110
0010000010011001
0011011100010101
0101101011100001
1000100001101011
0101000011101111
1011001110110101
0011011011110010
0101001000001111
0111000010110011
0000000000110110
1110000010000110
0111111001100010
0110000000010000
1111100001010010
0000110000100010
1001100101000100
0111011110110110
1000100010011001
1111011110100011
0000111100111010
1110011100010010
0111000011101110
0100100111101000
0100101100001110
1001001011010100
1101010000011111
0101111001110110
1100001100000001
1010100001111110
1110100000111010
0011100111100010
0100111110100100
1011101100101010
1111100110010011
0101110000100010
1100101011100011
0011110000111101
1101110111101110
0100100010011011
1101110000010011
1001101111101001
0000001111010011
0001001111010001
1111111001100110
0001100000111110
1011001110011110
0100110100111001
0000010110111011
0100001101000111
0001110010011111
0001101101001010
1010101100001110
0100011000011011
1100011100101010
1011010011000110
0101101101001101
0101110010001110
1001100001110111
1101110000101001
0010110001010001
1001111100011111
1110000101111010
0010110101011100
0010101011010000
1100001110110111
0011111110000111
1100100001110110
1110110111001010
1001110100101011
0111010100000010
0001000000101011
1001101110100101
1000001001000010
1100011001000001
1111000100011010
1111100111001111
1000110101000001
1100010000100011
0000111101110000
1000010010001011
1100001001111001
1101001000010101
1001111010000110
0111111111110100
1000010100101101
0110010011111011
1011101011010111
1001110011011001
1001100101110111
0111011011110111
0111000111001100
0001101001000011
0011111001000111
1011101110100000
0010010100010000
0011111101110100
1111111001010011
0010101110010011
1100000111110101
1101010100000000
0001101010001010
1000011011111000
0000110011101101
1100100110001011
1100010011001110
1011111101111011
0010111011110010
0100101111000100
0011100111010001
0000001000100110
0011001110001010
1101011001000001
0100011011100000
0101100100110010
0000101100011111
0010010111110100
1101010000000110
0001001100011011
0111111011100001
0001001111101010
1000100111011101
0010110011101000
0110001010110000
0001100100111001
0000011011000000
0011100110111010
0000011111101110
1011000010000010
0011111111101011
0110011101101101
0011110101100010
0001011011001011
1010001001101011
0010111101101101
1011101000111101
0000111010111101
1101010100000100
0011010011101010
0001000110000111
1100110000111100
1000111110011000
0110001010001001
0011001011100101
1000001010101110
0111001111011011
0011100100110001
1101001000110010
1101010101101000
1101001001111001
0000101000110011
1101011010000101
1100010000010010
1000000100100000
1001101111100101
0000100010101110
1111001001111011
1001111101001010
1100001001100010
1101110001110110
1111110010010010
0000011011011011
0011111111011001
1111110010010011
0100100101101011
0001000011110111
1111001101110111
0001101001010010
0010000001101101
1111111010000001
1111100011010110
1011000100000001
1110011001101010
0110011110011011
0000001110010010
0110111001101101
1110011110001011
1000100010110110
0111101011110111
0001001100011000
1100100110101000
0011100011000110
1000011010100011
0101101010001011
1000010111111001
1100110101011101
1011111100101010
1000110111011011
0100111111111110
1101100100000000
1011100001000010
0010011110000001
1100001100100110
1111100011110110
1110110000110001
1011111001001101
1110110001100100
1011110111000010
0001111010100010
0011000101010000
1010000010001010
1101010100011001
0111001000010100
1000101100000111
1011011000010011
1011111110101001
0000101101010100
1111001000000111
1101100011100101
1011110111110010
0111101101111110
1011001111101000
0111000010010101
1000000101110110
0110110100000000
0010101010110000
1001110000110100
0001101100011110
0100111100000010
0010010101010111
1011001100101101
0101100100011110
1111001010111110
1011010100011010
1101010000011000
1011010000001011
0111000101011000
0110101111111110
1111000011011111
1101011110011011
0000001000101110
0010110110101100
1000010010110011
0000011011001011
0010101100110110
0001101011001010
1111011000000110
0001100100011001
1101011111000011
0101000011010111
0110010010100001
1010111011001110
1001010011000010
0101101110111100
1001100111110011
0101100000011111
0111111111001110
1100011001100010
0110000111010111
1000111110100110
1110001110111000
0100101101010000
1000110100100011
0010010110100100
0100001011100001
1101111001101110
0011100101111110
1011101000010111
0100000011010001
1001001111110111
0111011001010010
0001010000000010
1001000100101101
0100100101100110
1101101010000000
0100000000000000
1100010011010111
0001010000000011
1111101100111010
1011011010100000
1100110010000000
0000111101100100
1010101111101010
1100111010001111
0001100110010101
1011001110100011
1010001100001011
0100101000110000
1101000111101100
0000100011101100
1110110100111010
1010001101011010
0110101000101001
1101100111001010
0110110110010101
1000000111101111
1000000000011111
1010101000100001
0101110101100100
0110101011001100
1000110011111101
0111000100010000
1111010111001101
1000100000011101
0010100010001111
0000000001110100
1101000000001101
0010100100111000
0010011011101100
0110111110100110
0000111011001111
0101100010010000
0101110011101001
1110110101000101
0101100000010101
1111111111100011
1010100001011111
0001011001001110
0110000011010001
0100101111001001
0111101101010100
1110000010010100
0010111111111000
0110110001110001
0110111101111010
1011101010100011
0100101100000010
1001000111000010
1000010111000000
0011111001100000
0001001011110010
1101001010110001
1000110000110001
1111011001000101
0101111111000011
0001011010101011
0101111000110111
1000110110101110
1011110110001110
1101110100000100
0011100101011000
1101001000110111
0101001001011000
0011101110111101
0000100100001101
0111001000111010
0101010101100001
0110111011110111
0011111110110111
0100001011101010
0100000010001100
1011011110011100
0110010010001111
0000001111110010
0100001001000011
0100000110111001
1111011010101011
0110101000000001
1001011100100000
1011101011101001
0010011011110010
1110001001100000
0010011100001001
1100011011011000
1011000010101010
1000001100111010
0111010100000110
1110011001101110
0110001111111101
1011001010010100
0100011100110111
1001101001011010
1011000010101110
1000110011010010
0011110011100100
1011001001111110
1000001010111111
1101101011110111
1011101000010101
1110001001100010
1010110100000111
1100001011001100
0001000000010110
0001110110111010
1101110101001011
0111001111011100
1010001111110011
1100111111100110
0100001101100010
1111111010010011
1000101011000111
0001010000000101
1000100111001100
1100111110010011
1110101011111111
0010010100010110
1101101011111011
1011100100111110
1011111101101110
0000100100111101
1011000010011001
0001101000000001
0111000111000000
0010111100111010
1001011011111001
1100000101000001
1011000011110001
1100100101101011
1011111101000001
0100110110000011
1111100110001011
0001011101100010
0011111111010000
0111101000000011
1000101000101000
0101111101000111
0101100110010100
0100000110101111
0100100111000001
0011100010100001
1110100100110011
0010111010111001
1010110000001001
1010111110111010
1111001101001111
1101111110001111
0011011010111001
1011111100000010
0100010110011101
0110100111010000
1110001100010100
0011100010111010
0110101100010010
1001011110000011
0100010111110001
1110110011010101
1001100011111111
1010110110100111
1110111000101100
1001101010000110
0000111111000000
0010101100101000
1000011000111101
0010100010000111
1101110101101100
1110101100111011
0111101111111010
0111001010101000
0111011011101011
0110100110001001
1011010100010100
0100000000011100
1111001100101001
0011010101000000
0000101100111001
1110001011011111
1100100110100111
0001111011001010
1001110011000011
1110100010000100
0100101000101111
0101100000001010
0001000010100111
0110111010111000
0001110110101111
0000110101110101
1011000000000110
1000010000010000
0111001110001101
0010111011010100
1000111010010011
0110011001000001
0011110111011001
1001101011011001
0100100000101001
1010110011010000
1100000000001000
0111010011110001
1011000010111000
0001101011100001
1110000101011101
1100111101101110
0100111000010001
0100000010110101
0010110000010111
1010010101110101
1011110111011000
1100000001111101
0111111001010000
1100000010111001
1101101111000111
1110101110111000
1011110110010000
0110101010010101
0110101111001001
0110000111001100
1001111101101000
1000000000110101
0100000011101001
1000011001010010
1000111010000010
0010100010101110
1100011110010000
1100000001001101
0010110010010101
0001000100001111
0011000001100010
1000000111110100
1101000010101010
0101010001110101
1110011011101001
1100110000010001
1000011101110110
0111010001000000
0010001101110000
1100101111000001
1110111100110000
0011110010100100
0110110001110101
1001000101011111
0001000000101011
1001010100101010
0001110110011000
0010010110010110
1010101011010010
0000000110101110
0111000000010001
1001111110110110
1001110010011111
1010110001010100
1111011001111101
1001001100101110
1101001110100001
0010100001101011
1011011011001001
0111111111100001
1010110111101110
0001110110010111
1011010000011011
0111111110011101
0100011011010111
1111001111110100
0011100001100111
1111101110000010
0001110011110111
1011111010000000
1110011111100010
1100000101111001
1111101111010101
0111110101111000
0111010000001011
1000110010110110
0001101000011111
0000001110101000
0100010010111110
0100001001011000
1010110010000101
0101011111000011
1111111010001101
1111111001010101
1011001000110001
1110100111000101
1011010110010001
0100001111000010
1011000011001111
0010001100011110
1100001100011000
0101111000110010
0101101001001111
0010001000111110
0010111100011101
0101010011010001
0110011010100110
0010001011010001
1111101001000111
0101110011010000
1000101111110100
0100101011010010
0011101010110000
0000011001100111
0101111111101111
0111000011100001
0000000111100101
0111111100111110
1111100110010111
0100000111001010
0100111110111110
0111111011010000
1010001101100110
1011101001101100
0000111001110000
0001100100100001
1110001000010011
0110110110001100
0010101010111101
0000010100110100
1100110110100011
1011010001010111
1101100110111110
0100110101111111
1111111100011000
1001101011010001
0001001010100010
0100101011110110
1001000111001000
0000100100110101
1010110111000110
1100111100101010
1110000011111000
1011110101100101
0110001001011110
0001100011100000
0101011110000010
0001101001111101
0010001110011101
0100101000101010
0011001011001110
0111010100011100
1000110001111011
1111111111111101
0100111000100100
0100001001001110
0010100011110010
0010101101001100
1011100000110101
1100011000101001
1100110101101000
1000000000001110
0010110111000011
0110000001111110
0010001100010111
1110001110100100
0110000000010001
1111111111001010
0010100000111101
1111101111110000
0110010111100101
1001111111010010
1100111100101100
0101100100000101
0101101001000001
0111111111100010
1111010001010101
0011100011010000
1110101101000001
0000000101100111
0010111101000111